%YAML:1.0
---
camera_matrix: !!opencv-matrix
   rows: 3
   cols: 3
   dt: d
   data: [ 1048.84888, 0., 917.71936600000004, 0., 1032.05061,
       582.551332, 0., 0., 1. ]
dist_coeffs: !!opencv-matrix
   rows: 1
   cols: 5
   dt: d
   data: [ 0.017256460000000001, -0.13491462000000001,
       0.0020879100000000001, -0.0098166899999999994,
       0.10287163000000001 ]
