%YAML:1.0
---
T_affine: !!opencv-matrix
   rows: 3
   cols: 1
   dt: d
   data: [ 2714.2082558508337, -0.79763889552739942, 0. ]
R_affine: !!opencv-matrix
   rows: 3
   cols: 3
   dt: d
   data: [ 0.93242511490905411, -0.14949646431781471, -1.381235338217649,
       -0.0050975692724704105, -1.0000349430221298, 0.24746065226964042,
       0., 0., 0. ]
